
running 1 test
105 0.014693298 0.001566976 0.000156329
3 0.000002960 0.000000877 0.000000610
65 0.002565940 0.000588560 0.000072007
18 0.000109897 0.000053008 0.000009046
151 0.046355625 0.004040860 0.000526174
176 0.061992810 0.005841152 0.000792220
211 0.109492788 0.010049660 0.001937606
134 0.026440507 0.004257605 0.000433174
133 0.023145592 0.002924017 0.000350965
132 0.024625824 0.002790233 0.000353812
182 0.068794059 0.007989040 0.001190185
15 0.000044220 0.000022614 0.000005255
149 0.037935152 0.003666907 0.000470669
140 0.030619594 0.004667723 0.000622594
173 0.060008249 0.006881383 0.001100634
96 0.009680450 0.001456406 0.000213088
180 0.064337949 0.008210990 0.001000480
175 0.060096404 0.007491476 0.000994372
20 0.000091847 0.000041054 0.000006540
221 0.146556734 0.010521762 0.002568412
12 0.000036948 0.000020568 0.000004764
107 0.014451186 0.002642098 0.000283383
59 0.002596093 0.000445249 0.000037219
33 0.000362084 0.000120066 0.000011601
26 0.000187677 0.000073587 0.000009050
182 0.070833940 0.007942762 0.000915549
25 0.000169771 0.000067699 0.000009853
158 0.047554878 0.004284194 0.000617880
35 0.000429093 0.000137720 0.000012599
231 0.146418591 0.012450671 0.002432325
241 0.150179739 0.013461764 0.002396316
72 0.003544496 0.000701065 0.000073171
167 0.058808813 0.004778822 0.000704326
20 0.000092572 0.000041844 0.000007204
28 0.000228277 0.000083945 0.000008714
12 0.000023566 0.000013218 0.000003103
194 0.090319333 0.009838471 0.001632794
99 0.013213895 0.001533907 0.000194225
61 0.002916999 0.000806211 0.000058633
67 0.004381369 0.000897090 0.000077947
42 0.000846494 0.000216161 0.000019844
171 0.068677474 0.007651885 0.001660784
37 0.001113922 0.000332791 0.000025303
230 0.168193415 0.012726249 0.002528726
127 0.026574271 0.004062381 0.000462805
228 0.152789438 0.012403792 0.001851051
91 0.009695197 0.001848277 0.000177745
195 0.084523562 0.006734333 0.001100624
50 0.001883980 0.000473726 0.000039759
129 0.024610297 0.003236314 0.000349125
7 0.000007968 0.000004380 0.000001631
56 0.001846351 0.000407443 0.000043315
212 0.118761866 0.009581387 0.001491854
177 0.059515311 0.005657130 0.000907866
172 0.064668771 0.005747288 0.001123228
206 0.106024058 0.007781146 0.001286440
224 0.154231669 0.014264284 0.002294329
208 0.121938528 0.010603109 0.001953526
246 0.170548611 0.012288650 0.002842134
139 0.027194423 0.003175358 0.000454494
38 0.001033988 0.000185101 0.000017197
167 0.050614890 0.005174079 0.000940797
123 0.018737826 0.002342808 0.000257900
30 0.000280635 0.000100264 0.000011434
198 0.087419551 0.010396942 0.001559245
14 0.000068399 0.000033538 0.000006735
243 0.161624869 0.013456388 0.002999908
149 0.042838144 0.004677772 0.000488151
90 0.007216326 0.001561364 0.000193431
50 0.001906036 0.000450348 0.000036397
240 0.157988134 0.013653698 0.002318884
153 0.038074000 0.003956638 0.000645698
48 0.001070801 0.000271407 0.000022385
250 0.179710693 0.012876653 0.003182943
148 0.038178193 0.005449910 0.000650130
163 0.046304669 0.004966831 0.000740343
172 0.057739564 0.006291779 0.000927998
108 0.013776155 0.002645763 0.000310190
73 0.005273522 0.000722472 0.000073457
167 0.060216502 0.005763121 0.000799916
211 0.105200685 0.008348406 0.001378141
222 0.130853377 0.009694543 0.002379808
59 0.002559477 0.000459822 0.000037677
123 0.020434616 0.002395472 0.000244485
41 0.000828408 0.000236977 0.000017298
247 0.173293375 0.011868624 0.002262677
213 0.128588260 0.010205943 0.001469244
55 0.002643555 0.000635740 0.000068612
243 0.174277693 0.014101739 0.002351175
84 0.007755014 0.001655661 0.000154944
161 0.046311456 0.006393188 0.000704512
137 0.028351708 0.004472730 0.000535956
52 0.001373247 0.000336829 0.000032466
129 0.023968780 0.002699186 0.000338923
86 0.006081434 0.001033717 0.000098434
126 0.019755073 0.002637441 0.000286058
103 0.010715482 0.001564932 0.000171648
79 0.006944036 0.000873898 0.000075138
82 0.005301053 0.000998216 0.000103292
236 0.164057287 0.013683611 0.002105080
191 0.085035412 0.007754326 0.001395326
94 0.009278945 0.001347394 0.000220866
118 0.019903189 0.002934798 0.000246239
49 0.001312166 0.000308692 0.000029255
255 0.177831303 0.013432293 0.003412662
113 0.014437101 0.001957571 0.000238108
154 0.040622294 0.004296038 0.000633564
49 0.002124178 0.000481629 0.000033933
236 0.163283458 0.012306311 0.002399428
168 0.056661934 0.005127566 0.000841845
123 0.024967760 0.003632295 0.000316199
189 0.080797326 0.006792230 0.000966462
97 0.010977272 0.001514942 0.000139753
208 0.096801999 0.009826775 0.001894745
149 0.040267681 0.003867781 0.000514524
176 0.061553038 0.005785826 0.000799598
88 0.006957274 0.001088851 0.000112368
95 0.012086750 0.001639883 0.000169434
177 0.067557625 0.006304497 0.001305922
116 0.020076844 0.003143498 0.000325958
41 0.001268917 0.000291310 0.000020731
5 0.000003863 0.000002052 0.000000996
18 0.000069106 0.000032895 0.000006324
205 0.105458808 0.007599394 0.001572361
16 0.000051064 0.000025396 0.000004689
62 0.002436657 0.000745630 0.000067167
44 0.001516037 0.000351115 0.000030521
107 0.012983968 0.001843470 0.000232910
32 0.000338442 0.000125526 0.000013360
114 0.020119345 0.002172546 0.000240894
233 0.142687702 0.010915220 0.001942346
49 0.001370679 0.000300163 0.000033978
103 0.011240586 0.001601369 0.000189715
122 0.018071093 0.002513559 0.000286652
53 0.001518750 0.000355212 0.000032211
216 0.134181425 0.010523820 0.001725816
205 0.110178817 0.010470569 0.001566620
20 0.000095717 0.000041848 0.000007088
20 0.000092807 0.000041664 0.000006625
171 0.060773882 0.006846474 0.000750404
119 0.017523989 0.002349610 0.000389188
35 0.000847281 0.000236382 0.000019954
168 0.060935738 0.006938858 0.001073783
175 0.063664849 0.005492613 0.000785120
238 0.172625079 0.017049548 0.002804556
156 0.055291317 0.006166358 0.000772236
33 0.000535880 0.000220692 0.000018498
245 0.193780058 0.017145781 0.002551245
102 0.014928513 0.001960335 0.000185736
44 0.001503392 0.000393517 0.000031030
183 0.094525517 0.009074975 0.001258382
236 0.216342930 0.016054512 0.002779321
152 0.053689798 0.006067748 0.000805816
182 0.101391743 0.008912873 0.000980842
251 0.240156499 0.016846736 0.003262349
137 0.039544041 0.003202190 0.000455315
13 0.000032335 0.000016352 0.000003663
168 0.068089706 0.007528928 0.001128767
230 0.186283649 0.012431601 0.002427185
118 0.018620562 0.002188854 0.000246952
161 0.050531245 0.005553335 0.000893130
102 0.010450787 0.001575096 0.000167393
245 0.182907565 0.014356319 0.002161217
123 0.020845261 0.002845455 0.000373498
78 0.005199746 0.000868983 0.000085089
235 0.155878237 0.010597849 0.001987825
185 0.078599427 0.006717162 0.001342649
181 0.071985227 0.007325738 0.001211471
182 0.078318283 0.008317850 0.001212803
105 0.016296856 0.001680813 0.000181476
171 0.061897006 0.005093456 0.000771254
71 0.003837924 0.000728986 0.000071468
155 0.042491829 0.003964907 0.000611227
36 0.000706036 0.000199384 0.000022641
85 0.006332387 0.001059156 0.000110433
22 0.000118367 0.000067047 0.000006899
154 0.041424487 0.005936666 0.000673128
166 0.060540134 0.006685128 0.000764688
243 0.167215131 0.011690152 0.003076778
165 0.055253242 0.006040118 0.000818033
52 0.001759019 0.000340823 0.000031647
80 0.004984730 0.000972736 0.000108866
210 0.106385583 0.008080586 0.001382946
6 0.000006076 0.000003194 0.000001345
28 0.000229980 0.000084739 0.000010110
254 0.199575574 0.017542146 0.003142050
182 0.073859835 0.007264831 0.001224391
55 0.002169566 0.000389387 0.000033452
28 0.000235721 0.000086568 0.000009345
251 0.206649166 0.015884235 0.003259397
195 0.088960533 0.008473477 0.001710219
135 0.029961251 0.004724548 0.000547877
187 0.077601625 0.008079966 0.001384779
78 0.007257521 0.001112118 0.000142659
197 0.096226028 0.007567676 0.001375827
16 0.000052413 0.000026393 0.000005417
64 0.002562630 0.000552954 0.000057172
144 0.031436284 0.003543306 0.000461585
110 0.013689480 0.001807882 0.000193152
7 0.000007315 0.000004451 0.000001564
245 0.172106196 0.017556253 0.003067534
234 0.159829019 0.012639418 0.002180420
55 0.001653702 0.000391876 0.000031362
247 0.187016771 0.014589528 0.003541511
150 0.041210075 0.003906036 0.000451009
236 0.154591221 0.013711300 0.002072804
76 0.006327028 0.001204511 0.000090154
136 0.029302436 0.004605765 0.000546333
118 0.018850106 0.002191884 0.000247997
228 0.146921446 0.010374513 0.001761771
213 0.113209750 0.008677469 0.001321872
128 0.026621853 0.004211156 0.000448570
22 0.000239096 0.000086981 0.000012614
36 0.000948051 0.000251756 0.000024448
221 0.126409067 0.009747248 0.002838385
72 0.004304548 0.000733499 0.000083945
116 0.019241074 0.002306163 0.000249338
44 0.001443673 0.000410873 0.000036262
76 0.007938906 0.001234102 0.000136834
206 0.105539252 0.009703792 0.001203214
102 0.013586968 0.002619531 0.000259277
33 0.000745563 0.000213332 0.000022257
159 0.054216984 0.006429058 0.000652111
113 0.017620802 0.002014185 0.000289573
21 0.000131222 0.000045464 0.000005630
251 0.202423684 0.015603144 0.003835353
162 0.047639564 0.004862709 0.000646410
113 0.018299431 0.001985825 0.000205813
89 0.008686165 0.001621745 0.000132916
11 0.000034475 0.000017031 0.000004178
217 0.122174717 0.012085390 0.002318404
205 0.099024488 0.010943646 0.001727357
105 0.016417353 0.002328073 0.000219595
197 0.092125889 0.007290955 0.001198198
88 0.008241822 0.001646097 0.000157731
252 0.188833544 0.013746236 0.003444513
242 0.165364089 0.014767949 0.002222640
112 0.022097994 0.003200306 0.000211121
218 0.134003403 0.010899647 0.002423665
243 0.185657661 0.014707711 0.002408802
48 0.001106657 0.000291502 0.000024462
171 0.062400536 0.005202668 0.000956129
90 0.010097599 0.001204823 0.000109457
50 0.001419369 0.000320948 0.000030625
40 0.000650733 0.000187100 0.000016239
21 0.000107022 0.000045743 0.000006393
3 0.000001453 0.000000814 0.000000596
43 0.001372375 0.000283102 0.000021161
90 0.009584774 0.001219137 0.000138983
17 0.000060908 0.000029594 0.000005402
37 0.000526034 0.000169929 0.000016276
233 0.145095756 0.012777995 0.002692902
166 0.056318468 0.005741071 0.000784286
155 0.043890042 0.006134288 0.000794671
17 0.000086415 0.000045556 0.000009615
248 0.185343041 0.014595110 0.002378245
105 0.011820919 0.001906838 0.000180460
195 0.085235332 0.008753409 0.001654324
54 0.002875037 0.000579150 0.000045664
234 0.149556559 0.013289694 0.002353852
35 0.000601682 0.000147807 0.000015567
58 0.002019449 0.000454897 0.000042762
197 0.094040145 0.007163483 0.001285568
9 0.000022453 0.000012254 0.000003640
238 0.165378316 0.014271244 0.002279253
230 0.135308189 0.010462446 0.002058064
211 0.121626864 0.011833576 0.002217402
251 0.190228928 0.014996588 0.002381475
221 0.132493962 0.009820838 0.002290064
139 0.031261595 0.003242883 0.000497616
16 0.000052934 0.000025693 0.000004929
252 0.180547946 0.015020276 0.002545157
92 0.011536974 0.001253944 0.000131168
237 0.167026875 0.013976227 0.001980707
6 0.000007981 0.000004431 0.000001742
50 0.001250349 0.000316033 0.000028899
232 0.151729682 0.011365710 0.001990193
35 0.000448407 0.000143566 0.000014939
129 0.038363537 0.004040628 0.000414826
130 0.026743743 0.004274025 0.000523241
95 0.013107497 0.002193008 0.000155075
178 0.061601398 0.008170156 0.000909984
189 0.081375141 0.006827750 0.001541036
4 0.000003875 0.000001553 0.000000891
161 0.051721791 0.004896905 0.000876061
183 0.066349800 0.006059173 0.000964247
214 0.115685876 0.009740843 0.001717238
219 0.128185922 0.009967429 0.002107292
120 0.022578308 0.002292214 0.000266059
151 0.046014322 0.004950578 0.000564000
168 0.054368529 0.007660193 0.000950974
171 0.052051621 0.007310258 0.000862597
30 0.000549720 0.000166669 0.000015954
104 0.019346192 0.001723035 0.000155631
127 0.030352454 0.002658670 0.000314340
192 0.088886483 0.008883361 0.001327489
13 0.000037947 0.000018191 0.000004904
38 0.000825982 0.000234117 0.000025094
52 0.001563410 0.000358495 0.000032556
165 0.064411437 0.005402598 0.000903556
128 0.038265334 0.002731289 0.000383949
198 0.091193679 0.007933018 0.001233415
105 0.014658538 0.001679715 0.000201939
247 0.200763024 0.014252679 0.002587643
210 0.115102637 0.010763340 0.001516423
106 0.014306676 0.001723884 0.000188215
224 0.146169774 0.011113508 0.001683944
204 0.092329763 0.009780393 0.001194503
80 0.007385155 0.001456652 0.000111838
208 0.113188915 0.010989029 0.001871633
56 0.002668281 0.000620627 0.000043890
255 0.236291100 0.018777777 0.003699708
234 0.157038238 0.012459577 0.002536755
98 0.009837143 0.001606787 0.000158024
110 0.020849953 0.003145397 0.000301758
91 0.007766256 0.001796308 0.000210913
141 0.043207597 0.004479542 0.000675239
23 0.000265287 0.000093508 0.000009733
17 0.000113308 0.000049014 0.000007768
74 0.007269391 0.000827603 0.000077343
254 0.210652811 0.018251803 0.003774441
177 0.071297568 0.007832307 0.001229936
159 0.051051965 0.004672784 0.000856223
68 0.004382454 0.000941544 0.000076146
10 0.000021609 0.000012823 0.000003596
63 0.003149277 0.000537557 0.000055783
108 0.015434764 0.002223421 0.000285129
138 0.036719410 0.003917648 0.000430070
122 0.020553692 0.003723200 0.000456885
55 0.003137059 0.000609431 0.000043667
66 0.005090127 0.000792043 0.000082637
89 0.010049391 0.001934195 0.000170332
178 0.093779460 0.008229968 0.001129625
156 0.051397055 0.004483032 0.000647696
45 0.000941656 0.000239267 0.000020407
16 0.000062354 0.000024217 0.000004543
114 0.025910454 0.002287312 0.000218514
251 0.203189309 0.015307309 0.002358307
183 0.075502553 0.006085123 0.001319365
118 0.020720918 0.002911844 0.000230393
179 0.078963413 0.007594290 0.001107712
89 0.011993234 0.001735325 0.000147586
154 0.046221776 0.005225376 0.000816841
132 0.030153991 0.002830971 0.000344807
79 0.006749388 0.001226072 0.000129694
13 0.000042450 0.000023014 0.000004922
249 0.202539149 0.013093645 0.002232091
27 0.000229930 0.000082056 0.000008284
203 0.101423138 0.009934223 0.001888149
210 0.121608105 0.011707064 0.001940722
156 0.054947279 0.006610113 0.000593353
78 0.004840216 0.000901723 0.000110803
85 0.006136395 0.001060305 0.000101820
64 0.003699926 0.000904527 0.000092733
150 0.041279295 0.003777461 0.000512502
220 0.128290322 0.012275720 0.001510150
172 0.064765149 0.006584978 0.001098233
48 0.001325818 0.000297550 0.000030810
54 0.001571390 0.000380528 0.000037428
210 0.111904402 0.008677544 0.001900358
83 0.007891567 0.000997471 0.000103523
64 0.002588760 0.000541444 0.000041252
158 0.043402438 0.004223375 0.000594865
108 0.015788679 0.001986689 0.000194590
161 0.044072900 0.004763499 0.000701559
243 0.183255013 0.016061366 0.003515196
29 0.000404184 0.000152568 0.000013812
214 0.133650295 0.012026854 0.002188516
124 0.027000660 0.002645214 0.000300431
29 0.000464501 0.000152828 0.000015760
169 0.066599624 0.006741188 0.001048640
123 0.026623589 0.003772113 0.000393402
84 0.008393437 0.001156894 0.000104598
4 0.000006166 0.000001368 0.000000825
224 0.137261965 0.010843513 0.002149805
206 0.115474128 0.010148267 0.001296146
180 0.065161952 0.007340690 0.001091040
210 0.107342759 0.009211960 0.001314027
74 0.003896711 0.000738726 0.000072590
68 0.004500412 0.001009925 0.000081491
98 0.011462141 0.001622787 0.000152213
61 0.002339053 0.000484218 0.000042889
191 0.112659504 0.010360711 0.001149451
7 0.000007559 0.000004676 0.000001750
181 0.078828727 0.005778249 0.000905497
48 0.001111388 0.000288564 0.000026581
74 0.004043054 0.000769725 0.000073026
192 0.095806302 0.010580113 0.001579692
68 0.004688137 0.001048630 0.000081429
22 0.000181183 0.000076295 0.000007916
172 0.071079518 0.007521185 0.001247039
145 0.046052946 0.005435563 0.000566908
196 0.091833105 0.008160918 0.001446659
201 0.093364606 0.009490464 0.001182841
177 0.068991007 0.008578937 0.000992501
200 0.101041618 0.008239261 0.001922410
94 0.009656679 0.001518441 0.000153435
114 0.018754818 0.002099392 0.000253748
162 0.044569273 0.004508985 0.000869802
109 0.014662203 0.002397210 0.000198010
40 0.000633429 0.000261164 0.000022580
97 0.009198592 0.001743241 0.000225587
8 0.000016249 0.000008817 0.000002739
130 0.030754281 0.003967818 0.000473488
169 0.061442132 0.007615531 0.000737840
68 0.003099096 0.000622260 0.000058603
24 0.000154838 0.000060271 0.000006860
173 0.069976232 0.005748945 0.001072683
52 0.001931342 0.000471910 0.000036392
43 0.001133837 0.000371967 0.000031142
5 0.000004241 0.000002463 0.000001063
181 0.075673321 0.006176707 0.001088987
109 0.014257692 0.001985692 0.000232351
225 0.136415628 0.012043133 0.002058112
211 0.118388053 0.010498917 0.001468522
135 0.027153333 0.002848071 0.000399894
169 0.061142659 0.005093769 0.000808239
123 0.023456079 0.003732774 0.000441424
177 0.066096888 0.005828699 0.000806250
24 0.000155381 0.000059680 0.000006407
175 0.068588958 0.007755493 0.000922016
145 0.038738394 0.003949284 0.000736354
99 0.011573535 0.001793191 0.000170975
126 0.026328960 0.002650114 0.000360905
177 0.066513204 0.008475414 0.000885189
112 0.014468595 0.002780524 0.000349166
190 0.086535632 0.007346984 0.001715339
142 0.030776388 0.003431790 0.000481801
210 0.116707265 0.009307682 0.002602351
43 0.001175059 0.000348217 0.000026819
159 0.052193685 0.005048813 0.000783129
137 0.029295519 0.003184655 0.000431247
215 0.141371618 0.009303883 0.002390262
234 0.157458983 0.011470387 0.002378839
153 0.040657701 0.004154456 0.000622057
231 0.147745263 0.010284446 0.002010421
108 0.015929346 0.001809777 0.000201768
84 0.006526742 0.001010050 0.000090627
150 0.042008183 0.004246249 0.000508165
57 0.001875971 0.000425360 0.000041949
57 0.001836747 0.000441513 0.000045572
41 0.000752957 0.000207963 0.000020739
96 0.013439399 0.001744479 0.000202552
92 0.008321477 0.001258067 0.000126728
91 0.007740038 0.001834475 0.000203161
78 0.004837211 0.001085800 0.000089554
220 0.151603073 0.014551771 0.001804290
125 0.026206115 0.003096266 0.000429404
194 0.096172658 0.008545740 0.001017584
255 0.193608953 0.016801142 0.003119040
129 0.027857357 0.002959165 0.000337820
193 0.089358735 0.009779296 0.001400963
136 0.032652281 0.003111465 0.000391997
11 0.000020502 0.000011548 0.000003055
21 0.000112238 0.000047247 0.000006605
181 0.077795880 0.006615360 0.001008332
124 0.026468419 0.002686238 0.000509798
34 0.000851972 0.000229640 0.000020257
117 0.022478133 0.002675860 0.000285548
103 0.014512526 0.001682640 0.000168094
108 0.016976500 0.001868075 0.000219875
196 0.102564943 0.010166257 0.001229976
165 0.081371896 0.004698315 0.000663714
114 0.020334611 0.003205495 0.000294235
227 0.176081310 0.012386910 0.002071400
255 0.205282699 0.013983862 0.003691451
101 0.010240235 0.001540380 0.000155514
186 0.068991311 0.006774907 0.001168403
44 0.000861408 0.000260185 0.000024342
107 0.014950874 0.001748637 0.000180771
15 0.000076876 0.000034215 0.000006988
100 0.012280824 0.001514931 0.000164362
182 0.073635697 0.005910804 0.000896906
228 0.150058609 0.014077914 0.002083520
87 0.007992825 0.001641498 0.000157505
181 0.064428757 0.005881427 0.000923967
63 0.002584661 0.000533115 0.000039614
29 0.000333284 0.000148872 0.000015654
152 0.041053871 0.006388402 0.000820839
163 0.063404496 0.006541862 0.000964277
158 0.057415944 0.006098547 0.000896510
251 0.203236453 0.013184482 0.003114699
19 0.000144473 0.000054717 0.000008404
172 0.058702828 0.006645476 0.001133797
230 0.153005673 0.013291053 0.001961879
175 0.076029796 0.005866416 0.000942017
134 0.031865712 0.003526626 0.000553506
51 0.002629865 0.000419120 0.000045528
222 0.131273284 0.012980844 0.001685485
166 0.057255545 0.005051050 0.000796645
204 0.126968827 0.009751776 0.001709978
16 0.000088975 0.000040116 0.000007961
134 0.032603154 0.004315694 0.000455249
94 0.013648947 0.002082878 0.000199264
217 0.140916711 0.012574271 0.001992541
131 0.030777425 0.003608156 0.000485138
140 0.042003272 0.003307749 0.000432833
95 0.008645589 0.001633988 0.000254356
80 0.005266676 0.000944669 0.000101787
97 0.009842682 0.001445194 0.000156336
162 0.056449221 0.006619984 0.000960617
80 0.007390252 0.001046651 0.000113742
126 0.025154946 0.002643014 0.000339051
103 0.011799295 0.001725965 0.000212833
92 0.008244992 0.001996737 0.000183821
208 0.119224740 0.008229074 0.001262190
188 0.086098594 0.006524707 0.001056712
232 0.164653274 0.011752037 0.002057907
107 0.012549345 0.002469552 0.000252483
166 0.060352092 0.005292487 0.000971049
131 0.036548183 0.003857671 0.000353520
73 0.006109443 0.001123225 0.000094290
232 0.176792632 0.012486865 0.002621075
202 0.112993695 0.009898304 0.001801424
79 0.007706201 0.001049490 0.000090023
84 0.010286085 0.001214819 0.000112093
19 0.000094637 0.000038434 0.000006485
51 0.002897360 0.000567581 0.000047369
93 0.012939377 0.001889479 0.000141983
78 0.004744414 0.000873328 0.000091451
143 0.030777744 0.004635232 0.000445949
116 0.022343383 0.002156547 0.000262485
253 0.216919984 0.014267619 0.003442101
158 0.052032885 0.004638008 0.000674926
48 0.001099073 0.000293242 0.000027219
25 0.000169835 0.000067664 0.000007873
159 0.056602698 0.007174340 0.000740411
3 0.000002962 0.000001131 0.000000620
82 0.005540523 0.001011048 0.000130870
216 0.126453741 0.011413709 0.001576590
33 0.000416577 0.000139855 0.000011743
10 0.000015530 0.000009164 0.000002655
38 0.000620762 0.000220101 0.000016402
196 0.096151393 0.007925656 0.001275096
72 0.004405941 0.001201999 0.000101802
181 0.076933385 0.006910957 0.000867955
116 0.019509325 0.002128392 0.000241904
137 0.034627841 0.005064868 0.000598128
218 0.137913123 0.014033775 0.001959633
161 0.057787323 0.006864818 0.000935492
249 0.200606640 0.015031769 0.002202643
249 0.208506019 0.012897532 0.002505960
169 0.063447196 0.006629179 0.000774526
102 0.014939761 0.001577543 0.000180178
93 0.008568090 0.002306252 0.000208813
87 0.012585660 0.001892753 0.000158032
15 0.000081230 0.000036873 0.000007106
156 0.050351068 0.004894666 0.000579147
114 0.021497086 0.003470785 0.000376512
50 0.001491401 0.000420964 0.000033735
169 0.060319385 0.005271829 0.000729766
223 0.146146266 0.015050923 0.002679928
19 0.000164794 0.000066170 0.000010211
191 0.100890719 0.008491411 0.001055151
75 0.004530792 0.000769419 0.000077635
38 0.000625993 0.000168045 0.000016212
69 0.003951425 0.000900814 0.000084836
66 0.005667142 0.001015552 0.000080411
83 0.006074539 0.001180941 0.000101826
195 0.102397937 0.008162343 0.001270670
208 0.103140208 0.009589975 0.001668634
239 0.180429115 0.012827855 0.003263730
134 0.032498179 0.003122899 0.000427071
169 0.062296324 0.005631036 0.000793347
222 0.170733181 0.013539625 0.001824032
158 0.050747111 0.004709554 0.000713077
112 0.017583942 0.002137309 0.000203009
74 0.004968946 0.001192523 0.000131428
138 0.041410448 0.003441874 0.000595603
28 0.000472064 0.000149079 0.000013040
120 0.024442834 0.002488892 0.000312835
238 0.180591604 0.016186146 0.002703891
89 0.012496045 0.001200152 0.000116137
90 0.011254478 0.001626938 0.000137576
8 0.000010969 0.000006005 0.000001932
198 0.113142286 0.010556558 0.001735955
189 0.085613942 0.007097674 0.001003557
241 0.195125665 0.018565573 0.004299755
66 0.004204673 0.000940913 0.000093435
246 0.215012622 0.017496243 0.002786387
42 0.001367012 0.000326415 0.000029150
228 0.141824388 0.014298170 0.002645455
183 0.081969146 0.006171584 0.000990203
108 0.016336306 0.001792495 0.000194933
202 0.094062462 0.007556648 0.001709472
41 0.000977325 0.000308657 0.000033938
141 0.032984364 0.004290128 0.000595509
155 0.042250397 0.004254951 0.000723158
174 0.057389769 0.007881222 0.001016207
212 0.135347784 0.013312643 0.002114490
159 0.071489265 0.006948528 0.000926029
55 0.001713518 0.000393250 0.000034967
146 0.038285814 0.003620138 0.000522190
53 0.001504990 0.000348786 0.000031134
60 0.002428948 0.000780926 0.000073916
24 0.000301484 0.000104392 0.000011721
225 0.149169165 0.010587707 0.002345261
166 0.054313973 0.007213082 0.001044673
115 0.020293405 0.002216419 0.000257149
176 0.064014547 0.006151767 0.000793217
210 0.110497500 0.009757819 0.001894532
70 0.004878170 0.000744424 0.000088357
187 0.073078690 0.008484063 0.001016917
108 0.016411955 0.001828567 0.000217889
111 0.016399520 0.001939910 0.000268246
9 0.000013156 0.000007676 0.000002356
8 0.000009032 0.000005866 0.000001967
185 0.079140101 0.007966623 0.001478715
209 0.112029614 0.008319885 0.001305980
42 0.000759960 0.000220180 0.000021240
126 0.025006320 0.002600238 0.000314781
136 0.025333410 0.004837413 0.000632879
85 0.006983318 0.001103450 0.000132739
166 0.053978055 0.004628336 0.000640452
240 0.174992662 0.014570013 0.002443797
108 0.016350436 0.002936883 0.000261832
233 0.163675994 0.014313695 0.002091256
103 0.011729900 0.001626300 0.000190143
56 0.003247264 0.000663986 0.000055189
22 0.000239044 0.000079212 0.000007803
155 0.042984263 0.004831349 0.000844985
91 0.007403230 0.001233695 0.000127546
251 0.184318877 0.015445266 0.002271700
196 0.088795604 0.007121312 0.001175487
92 0.014672845 0.001909878 0.000166029
16 0.000095140 0.000041358 0.000007667
237 0.151495826 0.011626558 0.002149452
8 0.000016722 0.000009726 0.000003161
35 0.000834905 0.000173703 0.000014983
121 0.020649167 0.003184803 0.000370763
96 0.012335515 0.002102649 0.000199783
209 0.109398719 0.010233871 0.001986294
86 0.009741405 0.001488419 0.000122501
112 0.021229533 0.002972598 0.000386238
180 0.070848495 0.008573378 0.001163081
219 0.153498172 0.012704081 0.002202517
213 0.117769335 0.008846118 0.001853668
104 0.013324975 0.002132482 0.000257140
134 0.030147160 0.003166705 0.000512900
10 0.000024759 0.000014286 0.000003618
122 0.024458855 0.002384377 0.000254449
39 0.000627932 0.000203271 0.000017768
106 0.015868414 0.001790129 0.000189426
186 0.083547250 0.008858997 0.000959535
193 0.084407963 0.007040297 0.001230473
95 0.008679803 0.001307891 0.000134951
45 0.000890589 0.000242208 0.000022065
96 0.012632291 0.001451255 0.000239857
147 0.035020757 0.004809437 0.000730907
189 0.081018743 0.006735076 0.000985414
165 0.049648062 0.004938478 0.000677270
134 0.033110441 0.004622444 0.000612185
20 0.000138016 0.000062636 0.000010967
229 0.166128892 0.011306159 0.002193618
104 0.015736035 0.001701057 0.000210382
66 0.002957845 0.000618244 0.000056262
10 0.000016255 0.000011179 0.000003431
208 0.112238002 0.007951252 0.001209026
115 0.018310700 0.002222946 0.000238068
184 0.075279738 0.008057251 0.001295672
241 0.162139034 0.012184007 0.002087077
8 0.000018044 0.000009279 0.000003534
205 0.098838796 0.008146256 0.001968559
210 0.115482119 0.008345390 0.001394996
152 0.044069106 0.005748151 0.000749950
134 0.029024275 0.002970799 0.000415344
218 0.114669865 0.009983834 0.001557956
106 0.012262781 0.001709189 0.000175201
89 0.009820473 0.001191697 0.000135935
88 0.007512642 0.001621114 0.000152903
223 0.163413259 0.013169418 0.001887624
50 0.002486835 0.000529235 0.000044817
192 0.089033200 0.009525894 0.001689224
96 0.011137059 0.001531823 0.000165170
222 0.135985444 0.010348675 0.002041507
247 0.207633016 0.015411624 0.002995945
9 0.000021779 0.000012826 0.000003865
202 0.114824055 0.009887511 0.001839639
189 0.095824991 0.009549831 0.001475900
209 0.155472621 0.014489662 0.002466586
235 0.280079391 0.024574795 0.001956282
64 0.002876727 0.000565343 0.000052771
172 0.078181181 0.006959536 0.001034298
107 0.021252651 0.002589726 0.000250584
242 0.219878063 0.016336607 0.003126901
249 0.263395357 0.017450921 0.003487719
189 0.105361110 0.007374663 0.001234385
239 0.238625278 0.017356148 0.002965521
214 0.161792558 0.010451583 0.002197553
68 0.004430908 0.000903730 0.000073884
191 0.114057597 0.010689705 0.001597061
60 0.004119576 0.000797055 0.000066776
241 0.225337863 0.016957449 0.003151393
49 0.001973320 0.000541829 0.000052046
122 0.024509651 0.002692474 0.000268123
114 0.018862944 0.003060885 0.000246618
245 0.212311903 0.012140218 0.002173945
154 0.050585438 0.006525281 0.000882050
54 0.003138409 0.000389344 0.000033039
116 0.018742075 0.002108302 0.000249265
18 0.000072265 0.000032924 0.000005864
104 0.014404201 0.001886640 0.000183529
21 0.000107986 0.000043847 0.000005292
117 0.020022189 0.002231142 0.000304894
204 0.098219414 0.007475950 0.001090783
90 0.007417884 0.001255393 0.000128360
158 0.040229860 0.004131605 0.000552900
92 0.008853139 0.001263102 0.000133463
176 0.064232373 0.006056865 0.000979014
17 0.000062901 0.000030603 0.000006070
42 0.000749315 0.000260308 0.000027560
200 0.096551233 0.010230455 0.001393960
222 0.134975151 0.011570925 0.002111900
195 0.092769991 0.010337293 0.001556339
167 0.066246806 0.005941570 0.000763197
150 0.043272983 0.005528689 0.000735329
63 0.003217325 0.000557050 0.000059560
151 0.040928027 0.005796852 0.000719150
43 0.000809788 0.000250863 0.000019748
186 0.071042144 0.009046314 0.001392831
188 0.080911782 0.006621309 0.000938154
17 0.000063191 0.000030754 0.000005797
190 0.074169762 0.007141406 0.001104573
159 0.052337197 0.004431574 0.000679000
236 0.153088722 0.013521369 0.002372114
115 0.018279642 0.002108272 0.000251567
221 0.123299468 0.010879368 0.001658332
99 0.011228159 0.001470997 0.000181086
97 0.015404578 0.001455660 0.000236128
79 0.005649588 0.001358484 0.000127860
76 0.006134818 0.000859321 0.000080780
64 0.003345495 0.000856895 0.000074370
155 0.046853928 0.006169912 0.000856809
139 0.036659606 0.003535234 0.000574913
42 0.000965895 0.000215560 0.000020866
201 0.105111994 0.008773246 0.001525896
140 0.034060403 0.005527651 0.000754265
73 0.003966956 0.000754958 0.000065596
148 0.040192924 0.005527323 0.000540862
255 0.201427220 0.015698878 0.002507045
33 0.000374265 0.000124324 0.000012295
166 0.053845630 0.004977012 0.000673970
133 0.024078746 0.004274505 0.000492300
114 0.018720317 0.002243373 0.000235415
255 0.191917691 0.015761303 0.003382047
22 0.000187093 0.000075997 0.000010711
180 0.062270111 0.006638957 0.001007978
4 0.000004964 0.000002274 0.000001327
37 0.000564881 0.000202723 0.000023058
164 0.047897250 0.004668154 0.000713607
103 0.010864247 0.001611883 0.000182119
244 0.178457779 0.014299092 0.002667041
170 0.053429526 0.006204505 0.001087174
18 0.000135791 0.000056407 0.000009254
124 0.030516476 0.003765048 0.000461456
205 0.105111225 0.011955282 0.001882420
135 0.032903051 0.004835940 0.000611323
160 0.056466595 0.006338177 0.000784635
95 0.014531113 0.002026914 0.000200713
57 0.003143048 0.000665258 0.000052542
52 0.002496617 0.000517446 0.000042308
147 0.049353695 0.003755049 0.000494390
38 0.000570462 0.000175635 0.000019768
151 0.040919998 0.006351332 0.000699680
78 0.005634797 0.001179476 0.000102716
77 0.004590245 0.000843537 0.000097539
78 0.004856697 0.000867212 0.000081671
145 0.045579251 0.003715643 0.000448748
29 0.000272284 0.000098311 0.000010938
9 0.000011748 0.000007773 0.000002334
17 0.000060933 0.000029780 0.000005158
33 0.000393241 0.000131799 0.000014680
144 0.036953200 0.005290502 0.000592509
235 0.165892830 0.012970153 0.003280373
38 0.000587909 0.000179329 0.000015866
195 0.093634009 0.008490304 0.001121107
146 0.042924799 0.004094057 0.000556618
241 0.180241143 0.013063956 0.003385122
28 0.000371662 0.000132015 0.000014887
172 0.069086072 0.007129926 0.001044175
76 0.005607045 0.000982888 0.000108115
158 0.048319346 0.005173561 0.000974767
207 0.142123114 0.009890890 0.001904342
26 0.000307508 0.000118443 0.000013434
68 0.004990688 0.000924398 0.000063889
224 0.130463601 0.012193610 0.002578881
11 0.000039500 0.000019943 0.000006034
47 0.001750106 0.000281124 0.000025350
170 0.057381153 0.005471223 0.000745660
21 0.000140050 0.000051443 0.000006491
122 0.019108314 0.002618986 0.000322284
84 0.005953297 0.001426974 0.000184534
132 0.026547803 0.004405944 0.000505267
239 0.192833176 0.015660375 0.002355329
90 0.007402756 0.001219740 0.000116685
141 0.035826187 0.005232346 0.000726976
153 0.043508951 0.006417696 0.000837707
184 0.079327920 0.007401828 0.001034883
96 0.009723893 0.001606264 0.000216914
92 0.008316221 0.001579030 0.000199073
68 0.004864154 0.000932873 0.000078886
212 0.121309818 0.008646154 0.001475921
175 0.062995175 0.005758336 0.000836037
10 0.000016384 0.000008949 0.000002611
209 0.108390331 0.009993059 0.001381819
206 0.096991350 0.009714489 0.001925496
149 0.038088833 0.003878398 0.000579175
65 0.002747242 0.000661398 0.000062028
89 0.008009051 0.001151526 0.000113424
216 0.125673891 0.009024555 0.001606386
155 0.041341090 0.004088973 0.000605879
21 0.000133152 0.000049227 0.000012751
231 0.157489581 0.011243633 0.002689683
137 0.035292954 0.003386460 0.000379461
184 0.080892746 0.007746214 0.001347821
146 0.046194985 0.003966521 0.000514102
4 0.000003868 0.000001566 0.000000799
83 0.005982485 0.001024350 0.000105321
92 0.008056091 0.001637305 0.000151182
251 0.195208437 0.012865633 0.002473371
158 0.044415129 0.006283112 0.000681778
107 0.012688811 0.001772434 0.000198563
254 0.191814560 0.017017743 0.003780765
154 0.054651740 0.004881786 0.000766396
223 0.175353675 0.012328681 0.002288100
161 0.057719919 0.007239688 0.001071759
104 0.015498159 0.001722936 0.000174472
86 0.009261227 0.001659818 0.000139184
41 0.001064297 0.000304559 0.000028040
215 0.130791931 0.008535227 0.001302915
181 0.068301218 0.007066295 0.001081660
101 0.010464993 0.001569356 0.000183073
131 0.025675153 0.003502590 0.000457406
135 0.027942174 0.003347248 0.000415990
51 0.002547534 0.000513972 0.000044991
207 0.108038993 0.009979297 0.001621679
229 0.152874226 0.012333250 0.002282680
132 0.035295704 0.003400854 0.000457871
17 0.000059436 0.000029932 0.000005417
106 0.017278289 0.002884932 0.000279710
173 0.090256367 0.008466600 0.001128919
69 0.006383082 0.001140491 0.000100404
184 0.118242502 0.010999848 0.001584134
204 0.149310871 0.016725633 0.002024926
242 0.325366859 0.012344478 0.002249053
241 0.219943843 0.013462862 0.002428402
220 0.188706209 0.013633076 0.002465151
215 0.153729656 0.010888292 0.001727281
79 0.008662285 0.001049881 0.000082462
4 0.000003500 0.000001568 0.000000864
100 0.017379405 0.002559189 0.000282195
254 0.219355362 0.016003824 0.003427047
58 0.001973948 0.000582130 0.000057675
215 0.119825482 0.009140975 0.001427621
10 0.000016478 0.000009455 0.000002634
233 0.156747516 0.012723986 0.002177090
50 0.002547610 0.000525728 0.000036806
167 0.058501070 0.007153127 0.000962462
228 0.141510686 0.012799186 0.001793031
31 0.000455361 0.000118537 0.000011012
186 0.091091845 0.006706146 0.000940793
69 0.004382473 0.000986420 0.000070774
192 0.089438311 0.007151390 0.001682166
7 0.000014064 0.000008157 0.000002251
239 0.174777583 0.013580455 0.002044137
213 0.117178455 0.009068914 0.001806123
123 0.021391923 0.003136929 0.000507345
103 0.014160477 0.002505935 0.000264867
128 0.026891552 0.002746061 0.000342620
194 0.093266454 0.007579997 0.001726301
167 0.060874018 0.007061588 0.001113218
78 0.005497073 0.000928052 0.000102455
37 0.000541781 0.000173392 0.000025161
227 0.140307720 0.013555314 0.002593692
24 0.000296939 0.000101333 0.000012532
197 0.100913840 0.008270079 0.001878379
94 0.009807508 0.001432685 0.000189480
145 0.040086753 0.003981086 0.000419693
215 0.123091844 0.010812454 0.001412235
172 0.064150975 0.007940729 0.001079151
167 0.057812810 0.006374368 0.000976148
241 0.187256000 0.015464920 0.002832635
172 0.069858474 0.007297705 0.001002705
60 0.004312711 0.000817689 0.000068255
30 0.000299782 0.000104093 0.000010726
176 0.071780428 0.006359215 0.000787452
64 0.002604629 0.000559421 0.000051563
115 0.021714935 0.002115862 0.000249503
189 0.083051319 0.009170601 0.001041221
32 0.000495095 0.000134134 0.000013915
42 0.000961833 0.000338669 0.000027309
209 0.112528701 0.012000222 0.001615281
106 0.019129676 0.001845666 0.000205429
235 0.168887239 0.015208056 0.003189095
46 0.001978564 0.000454549 0.000042051
190 0.094881849 0.008519502 0.001117949
189 0.084119532 0.007111061 0.001292236
248 0.208210313 0.012877502 0.002568374
175 0.069802675 0.005735617 0.000892798
172 0.063469459 0.005679211 0.001085846
192 0.096209163 0.010747313 0.001592050
104 0.019330476 0.001872030 0.000217943
112 0.021782320 0.002471467 0.000271776
18 0.000093735 0.000033294 0.000005443
238 0.191219971 0.015978007 0.002258656
192 0.092823943 0.008462351 0.001498620
25 0.000261101 0.000100663 0.000011545
83 0.006678760 0.001011774 0.000093419
222 0.150529806 0.011135264 0.001789624
45 0.000926719 0.000249218 0.000021578
199 0.095506558 0.007945808 0.001419741
8 0.000011370 0.000006286 0.000002116
245 0.181762228 0.015216685 0.002896390
181 0.092455273 0.008300255 0.001264195
9 0.000020348 0.000011367 0.000003499
112 0.021893598 0.001993345 0.000212352
69 0.006217159 0.001082931 0.000085511
196 0.121548068 0.009495715 0.001810728
44 0.001747836 0.000415774 0.000034095
249 0.215208867 0.016580945 0.003038148
137 0.035398628 0.003246694 0.000439380
253 0.195049086 0.013897509 0.002612864
108 0.013309683 0.002034670 0.000221506
109 0.013013544 0.001872650 0.000205435
171 0.063186150 0.005324510 0.000888024
202 0.119103239 0.008573379 0.001441901
211 0.122200390 0.011136370 0.002307547
72 0.005789439 0.000792335 0.000083626
55 0.001752670 0.000406270 0.000034290
19 0.000084978 0.000038973 0.000006466
41 0.000889315 0.000213942 0.000023370
82 0.008270989 0.001356125 0.000096264
218 0.138138350 0.012074022 0.002413662
63 0.004198402 0.000857368 0.000087826
161 0.061625913 0.006792622 0.000933789
75 0.007776582 0.001246463 0.000119100
6 0.000011442 0.000005801 0.000002273
234 0.175988862 0.014961454 0.003142944
23 0.000147786 0.000060382 0.000008786
29 0.000270349 0.000098241 0.000010920
174 0.068294220 0.006194140 0.000813716
151 0.053588829 0.004755255 0.000532789
36 0.000886622 0.000264965 0.000023636
202 0.117446229 0.011045029 0.001856000
136 0.036259197 0.004512605 0.000588056
203 0.117882820 0.008640199 0.001882700
205 0.104103499 0.007922028 0.001304368
97 0.009172629 0.001402564 0.000133179
224 0.134207973 0.012489945 0.001615903
25 0.000184227 0.000070753 0.000008295
178 0.072751886 0.008028501 0.001224371
245 0.246031450 0.017073319 0.002594746
187 0.094560406 0.009563481 0.001740003
207 0.136065512 0.009907438 0.001615129
169 0.079813996 0.008176561 0.001007287
212 0.133995003 0.012490688 0.001542244
142 0.036317401 0.003987209 0.000670021
67 0.005931660 0.000636477 0.000054229
157 0.055260184 0.005147134 0.001292271
219 0.164409041 0.013298578 0.001733444
236 0.231778597 0.016684607 0.003021307
68 0.005755501 0.001015902 0.000082940
170 0.083222717 0.007905896 0.001119279
163 0.070590243 0.006353542 0.001091890
226 0.184177444 0.010290522 0.001809909
190 0.097231367 0.009815634 0.001406132
60 0.004018520 0.000717334 0.000053552
59 0.003827507 0.000704041 0.000061303
240 0.203182833 0.012897578 0.002252667
126 0.029147626 0.003790891 0.000417106
89 0.007523914 0.001611163 0.000172486
test test::prop_three_sum ... test test::prop_three_sum has been running for over 60 seconds
167 0.066994910 0.007737467 0.000963089
139 0.034763171 0.005466764 0.000699059
76 0.008131933 0.001369434 0.000117237
189 0.088027664 0.009348489 0.001091979
199 0.108696980 0.007886957 0.001171751
53 0.001858984 0.000598408 0.000047111
181 0.080792766 0.008633850 0.001254213
6 0.000009562 0.000005324 0.000002107
205 0.116392141 0.010795470 0.001948758
211 0.120617085 0.011773363 0.002065622
39 0.000612335 0.000205417 0.000019735
180 0.072019587 0.008859979 0.001248935
198 0.118210699 0.011424884 0.001698757
143 0.043801415 0.005420671 0.000651309
26 0.000298241 0.000120034 0.000014732
181 0.090701959 0.007228782 0.001334887
26 0.000379515 0.000123161 0.000013511
49 0.001351121 0.000312311 0.000028960
218 0.173065314 0.013776573 0.002398997
15 0.000075190 0.000037762 0.000008775
110 0.019392091 0.002399050 0.000212436
244 0.235229660 0.016602857 0.003211179
52 0.001577005 0.000582162 0.000053651
8 0.000021531 0.000011312 0.000004498
132 0.027785509 0.004749031 0.000671400
205 0.129623971 0.012593842 0.001587330
225 0.178538725 0.013691607 0.001585239
133 0.040662551 0.004719779 0.000590036
5 0.000007510 0.000003733 0.000001686
165 0.072731770 0.008131893 0.001094666
88 0.012830904 0.001914984 0.000193930
183 0.112170363 0.008295125 0.001355474
31 0.000606767 0.000175227 0.000015438
111 0.025561755 0.003301077 0.000285397
144 0.046980961 0.005144124 0.000737184
81 0.009672543 0.001732315 0.000162637
12 0.000044337 0.000023348 0.000005043
247 0.238069170 0.019051316 0.003715696
191 0.088109150 0.007100622 0.001155366
92 0.008371569 0.001427567 0.000141079
221 0.142156223 0.014213865 0.002094573
73 0.006841101 0.001238037 0.000086542
55 0.003262021 0.000595840 0.000053390
163 0.066215149 0.005228656 0.000672964
84 0.006740669 0.001075617 0.000113273
192 0.091026114 0.010994610 0.001685618
191 0.091125375 0.009746562 0.001091706
170 0.058747540 0.006060175 0.001031522
157 0.051290037 0.004462021 0.000585621
82 0.006424906 0.001597385 0.000145220
238 0.168489131 0.012327031 0.002442845
90 0.009420440 0.001878946 0.000203356
138 0.028044978 0.003502175 0.000422877
test test::prop_three_sum ... ok

test result: ok. 1 passed; 0 failed; 0 ignored; 0 measured; 0 filtered out

